# adit: miniforge3/envs/cp2k/share/cp2k/data/BASIS_MOLOPT から、この計算で使う項目だけを写したもの (CP2K の配布物。GPL-2.0-or-later)

 O  DZVP-MOLOPT-SR-GTH DZVP-MOLOPT-SR-GTH-q6
 1
 2 0 2 5 2 2 1
     10.389228018317  0.126240722900  0.069215797900 -0.061302037200 -0.026862701100  0.029845227500
      3.849621072005  0.139933704300  0.115634538900 -0.190087511700 -0.006283021000  0.060939733900
      1.388401188741 -0.434348231700 -0.322839719400 -0.377726982800 -0.224839187800  0.732321580100
      0.496955043655 -0.852791790900 -0.095944016600 -0.454266086000  0.380324658600  0.893564918400
      0.162491615040 -0.242351537800  1.102830348700 -0.257388983000  1.054102919900  0.152954188700
#
 H  DZVP-MOLOPT-SR-GTH DZVP-MOLOPT-SR-GTH-q1
 1
 2 0 1 5 2 1
     10.068468228533 -0.033917444900  0.059193775500  0.009905134400
      2.680222868089 -0.122202212100  0.843318328900  0.122449566500
      0.791501539122 -0.443818861200 -1.155707115500  0.477183240900
      0.239116150487 -0.453182186600  0.049479621200  0.547919678200
      0.082193184441 -0.131612861500  0.522708738000  0.869031854000
#
